1 16
4 1
12 4
6 12
10 6
18 10
13 18
19 13
2 19
20 2
15 20
14 15
9 14
17 9
7 17
8 7
11 8
3 11
5 3
18 15
16 18
17 16
1 17
13 1
4 13
2 4
9 2
20 9
14 20
12 14
7 12
19 7
6 19
8 6
10 8
3 10
11 3
5 11
14 17
15 14
12 15
10 12
19 18
13 19
1 13
11 1
6 5
3 6
4 3
7 9
20 8
16 10
5 16
17 5
15 17
1 15
12 13
20 12
2 20
4 2
8 4
6 8
9 6
18 9
14 18
7 14
11 7
19 3
14 19
4 14
20 4
12 2
18 12
11 13
8 11
15 8
5 15
6 17
1 9
10 1
16 3
2 15
16 2
20 16
18 20
9 18
13 9
17 4
19 17
1 19
14 1
12 7
17 15
16 17
2 16
4 20
14 4
19 14
9 1
8 9
13 8
18 13
12 18
7 10
6 11
5 6
3 5
